2000	200	1000
0	0	50
2020.33 179.84 569
1840.49 17.35 51
1823.14 228.02 748
1595.12 214.66 737
1380.46 40.64 140
1339.82 238.08 870
1101.74 127.8 486
973.94 158.73 629
815.21 153.24 635
661.97 178.31 779
483.66 87.92 400
395.74 15.85 70
379.89 187.88 908
192.01 133.05 685
2015.51 107.88 338
1907.63 263.53 854
1644.1 126.49 423
1517.61 233.23 816
1284.38 103.89 376
1180.49 197.83 747
982.66 68.18 262
914.48 223.82 907
690.66 188.58 813
502.08 26.76 116
475.32 92.13 418
383.19 200.51 966
182.68 94.45 482
2014.64 182.92 578
1831.72 116.42 375
1715.3 40.67 130
1674.63 31.11 99
1643.52 175.06 591
1468.46 230.71 817
1237.75 52.71 189
1185.04 124.42 462
1060.62 198.73 772
861.89 71.91 287
789.98 136.34 565
653.64 17.6 71
636.04 145.9 637
490.14 24.22 105
465.92 97.91 447
368.01 164.3 791
2008.68 81.48 254
1927.2 201.24 645
1725.96 223.94 748
1502.02 21.93 71
1480.09 140.95 490
1339.14 137.79 495
1201.35 77.26 283
1124.09 225.32 865
898.77 77.7 308
821.07 197.18 818
623.89 66.27 284
557.62 62.95 275
494.67 66.91 300
427.76 168.47 794
259.29 65.87 322
193.42 29.33 144
164.09 76.87 393
2018.07 217.14 686
1800.93 207.01 679
1593.92 283.19 980
1310.73 169.67 616
1141.06 240.52 921
900.54 182.13 736
718.41 152.89 651
565.52 208.41 942
357.11 78.73 373
278.38 46.7 225
231.68 168.21 858
2018.77 26.35 81
1992.42 37.13 112
1955.29 233.53 747
1721.76 91.57 298
1630.19 41.05 133
1589.14 71.38 237
1517.76 213.24 744
1304.52 228.36 835
1076.16 149.42 572
926.74 131.24 522
795.5 157.41 654
638.09 183.59 806
454.5 58.85 266
395.65 90.35 423
305.3 25.35 119
279.95 109.43 538
170.52 100.49 517
2012.1 120.89 379
1891.21 207.92 671
1683.29 40.54 130
1642.75 243.93 827
1398.82 82.82 288
1316 15.53 51
1300.47 155.54 563
1144.93 109.48 408
1035.45 120.06 461
915.39 102.46 405
812.93 141.67 583
671.26 75.7 320
595.56 220.83 989
374.73 29.17 133
345.56 80.57 382
264.99 147.63 737
2020.24 293.01 934
1727.23 134.21 443
1593.02 39.01 127
1554.01 85.94 289
1468.07 272.1 965
1195.97 32.6 117
1163.37 235.73 893
927.64 74.09 290
853.55 83.02 333
770.53 77.13 316
693.4 192 828
501.4 76.18 341
425.22 66 302
359.22 157.81 759
201.41 131.2 670
2017.73 264.23 839
1753.5 151.89 497
1601.61 200.21 681
1401.4 102.75 359
1298.65 146.5 529
1152.15 25.08 89
1127.07 202.44 771
924.63 219.28 885
705.35 34.56 141
670.79 130.7 560
540.09 192.91 875
347.18 143.75 693
203.43 81.79 411
2008.76 25.46 76
1983.3 111.08 346
1872.22 163.69 524
1708.53 187.51 622
1521.02 169.83 585
1351.19 137.32 489
1213.87 185.98 690
1027.89 241.01 947
786.88 174.84 729
612.04 218.95 973
393.09 154.25 732
238.84 111.41 557
127.43 61.01 315
2009.79 247.38 785
1762.41 138.66 453
1623.75 266.29 909
1357.46 41.89 144
1315.57 117.58 420
1197.99 30.55 108
1167.44 122.19 453
1045.25 230.53 900
814.72 149.68 616
665.04 160.61 693
504.43 171.94 785
332.49 145.99 708
2023.56 58.52 179
1965.04 127.73 402
1837.31 42.98 134
1794.33 81.11 260
1713.22 267.43 897
1445.79 253.47 898
1192.32 196.6 734
995.72 133.32 519
862.4 231.49 953
630.91 52.54 223
578.37 48.57 209
529.8 197.72 900
332.08 88.16 421
243.92 129.79 651
2019.25 291.94 928
1727.31 273.98 916
1453.33 40.48 136
1412.85 67.47 233
1345.38 104.43 370
1240.95 140.57 514
1100.38 87.22 327
1013.16 189.03 740
824.13 139.9 573
684.23 59.59 249
624.64 37.74 159
586.9 44.44 190
542.46 197.13 893
345.33 86.95 413
258.38 74.97 367
183.41 119.93 616
2010.24 226.52 719
1783.72 68.12 218
1715.6 226.02 753
1489.58 40.45 135
1449.13 34.99 117
1414.14 266.7 955
1147.44 160.64 604
986.8 19.24 70
967.56 163.85 647
803.71 69.78 282
733.93 105.11 439
628.82 16.99 69
611.83 199.65 884
412.18 116 541
296.18 96.07 466
200.11 63.63 319
2009.06 205.13 649
1803.93 50.51 159
1753.42 44.86 142
1708.56 275.93 927
1432.63 105.96 368
1326.67 184.44 666
1142.23 48.31 176
1093.92 125.94 477
967.98 83.58 324
884.4 134.1 539
750.3 198.31 840
551.99 143.59 642
408.4 132.87 624
275.53 78.62 383
2015.33 249.44 793
1765.89 185.68 605
1580.21 270.68 915
1309.53 108.28 379
1201.25 23.17 79
1178.08 266.42 988
911.66 219.75 868
691.91 162.09 677
529.82 63.1 271
466.72 70.07 308
396.65 150.83 696
245.82 127.95 624
117.87 62.86 318
2017.81 286.32 894
1731.49 272.37 896
1459.12 83.27 280
1375.85 150.19 521
1225.66 141.38 508
1084.28 56.82 207
1027.46 219.1 840
808.36 158.82 642
649.54 187.69 803
461.85 71.47 317
390.38 195.46 917
194.92 69.56 342
125.36 31.79 158
93.57 15.85 78
2010.52 305.31 960
1705.21 260.68 858
1444.53 67.58 228
1376.95 25.49 84
1351.46 84.28 292
1267.18 155.72 557
1111.46 32.14 114
1079.32 76.59 281
1002.73 231.38 894
771.35 180.69 741
590.66 221.65 971
369.01 44.65 202
324.36 188.62 906
2012.13 152.73 471
1859.4 169.19 537
1690.21 287.68 958
1402.53 237.67 836
1164.86 207.2 767
957.66 124.48 480
833.18 87.02 344
746.16 221.64 925
524.52 73.73 320
450.79 101.68 456
349.11 53.84 247
295.27 23.23 106
272.04 78.35 374
193.69 108.36 540
2015.47 130.53 402
1884.94 288.53 925
1596.41 192.19 644
1404.22 208.42 729
1195.8 169.79 622
1026.01 177.74 679
848.27 239.01 972
609.26 150.23 648
459.03 163.61 744
295.42 149.47 722
2008.23 302.94 953
1705.29 66.46 212
1638.83 209.15 695
1429.68 245.79 859
1183.89 76.98 276
1106.91 169.95 635
936.96 102.91 397
834.05 59.89 235
774.16 226.72 940
547.44 38.93 165
508.51 42.73 184
465.78 64.49 285
401.29 121.65 559
279.64 188.11 924
2014.94 242.52 757
1772.42 299.04 981
1473.38 155.78 534
1317.6 213.68 765
1103.92 177.23 665
